   0.0000000e+00   2.2500000e+03   0.0000000e+00   5.3625579e+02   1.6055263e+02
   2.5000000e+02   2.2500000e+03   0.0000000e+00   5.4423383e+02   2.1149704e+02
   5.0000000e+02   2.2500000e+03   0.0000000e+00   5.4584600e+02   2.7462913e+02
   7.5000000e+02   2.2500000e+03   0.0000000e+00   5.4707362e+02   3.3151732e+02
   1.0000000e+03   2.2500000e+03   0.0000000e+00   5.4671197e+02   3.9259525e+02
   1.2500000e+03   2.2500000e+03   0.0000000e+00   5.5060683e+02   4.4920054e+02
   1.5000000e+03   2.2500000e+03   0.0000000e+00   5.5100382e+02   5.1331036e+02
   1.7500000e+03   2.2500000e+03   0.0000000e+00   5.5463311e+02   5.7558737e+02
   0.0000000e+00   2.0000000e+03   0.0000000e+00   4.8337719e+02   1.5865454e+02
   2.5000000e+02   2.0000000e+03   0.0000000e+00   4.8453616e+02   2.1699340e+02
   5.0000000e+02   2.0000000e+03   0.0000000e+00   4.8573361e+02   2.7554249e+02
   7.5000000e+02   2.0000000e+03   0.0000000e+00   4.8725191e+02   3.3454011e+02
   1.0000000e+03   2.0000000e+03   0.0000000e+00   4.8808539e+02   3.9339745e+02
   1.2500000e+03   2.0000000e+03   0.0000000e+00   4.8963047e+02   4.5216497e+02
   1.5000000e+03   2.0000000e+03   0.0000000e+00   4.9108148e+02   5.1130615e+02
   1.7500000e+03   2.0000000e+03   0.0000000e+00   4.9285883e+02   5.7285518e+02
   0.0000000e+00   1.7500000e+03   0.0000000e+00   4.2828096e+02   1.6176746e+02
   2.5000000e+02   1.7500000e+03   0.0000000e+00   4.3064749e+02   2.1942668e+02
   5.0000000e+02   1.7500000e+03   0.0000000e+00   4.3156859e+02   2.7767538e+02
   7.5000000e+02   1.7500000e+03   0.0000000e+00   4.3256081e+02   3.3596213e+02
   1.0000000e+03   1.7500000e+03   0.0000000e+00   4.3359592e+02   3.9441408e+02
   1.2500000e+03   1.7500000e+03   0.0000000e+00   4.3529333e+02   4.5306410e+02
   1.5000000e+03   1.7500000e+03   0.0000000e+00   4.3630204e+02   5.1140690e+02
   1.7500000e+03   1.7500000e+03   0.0000000e+00   4.3644874e+02   5.7284625e+02
   0.0000000e+00   1.5000000e+03   0.0000000e+00   3.7635926e+02   1.6465259e+02
   2.5000000e+02   1.5000000e+03   0.0000000e+00   3.7744285e+02   2.2188632e+02
   5.0000000e+02   1.5000000e+03   0.0000000e+00   3.7837081e+02   2.7960804e+02
   7.5000000e+02   1.5000000e+03   0.0000000e+00   3.7920471e+02   3.3758375e+02
   1.0000000e+03   1.5000000e+03   0.0000000e+00   3.8005856e+02   3.9548724e+02
   1.2500000e+03   1.5000000e+03   0.0000000e+00   3.8150270e+02   4.5351798e+02
   1.5000000e+03   1.5000000e+03   0.0000000e+00   3.8302223e+02   5.1145484e+02
   1.7500000e+03   1.5000000e+03   0.0000000e+00   3.8468392e+02   5.6984025e+02
   0.0000000e+00   1.2500000e+03   0.0000000e+00   3.2302427e+02   1.6782652e+02
   2.5000000e+02   1.2500000e+03   0.0000000e+00   3.2486996e+02   2.2428059e+02
   5.0000000e+02   1.2500000e+03   0.0000000e+00   3.2561844e+02   2.8163155e+02
   7.5000000e+02   1.2500000e+03   0.0000000e+00   3.2686365e+02   3.3917492e+02
   1.0000000e+03   1.2500000e+03   0.0000000e+00   3.2790895e+02   3.9655697e+02
   1.2500000e+03   1.2500000e+03   0.0000000e+00   3.2945506e+02   4.5377898e+02
   1.5000000e+03   1.2500000e+03   0.0000000e+00   3.3088033e+02   5.1155300e+02
   1.7500000e+03   1.2500000e+03   0.0000000e+00   3.3123297e+02   5.7081010e+02
   0.0000000e+00   1.0000000e+03   0.0000000e+00   2.7204866e+02   1.7023095e+02
   2.5000000e+02   1.0000000e+03   0.0000000e+00   2.7261141e+02   2.2676877e+02
   5.0000000e+02   1.0000000e+03   0.0000000e+00   2.7377220e+02   2.8352253e+02
   7.5000000e+02   1.0000000e+03   0.0000000e+00   2.7540654e+02   3.4068473e+02
   1.0000000e+03   1.0000000e+03   0.0000000e+00   2.7668616e+02   3.9746984e+02
   1.2500000e+03   1.0000000e+03   0.0000000e+00   2.7751723e+02   4.5458339e+02
   1.5000000e+03   1.0000000e+03   0.0000000e+00   2.7908937e+02   5.1148725e+02
   1.7500000e+03   1.0000000e+03   0.0000000e+00   2.8114101e+02   5.7010035e+02
   0.0000000e+00   7.5000000e+02   0.0000000e+00   2.1987863e+02   1.7335232e+02
   2.5000000e+02   7.5000000e+02   0.0000000e+00   2.2186028e+02   2.2896639e+02
   5.0000000e+02   7.5000000e+02   0.0000000e+00   2.2316806e+02   2.8548245e+02
   7.5000000e+02   7.5000000e+02   0.0000000e+00   2.2474880e+02   3.4194321e+02
   1.0000000e+03   7.5000000e+02   0.0000000e+00   2.2532096e+02   3.9850328e+02
   1.2500000e+03   7.5000000e+02   0.0000000e+00   2.2696050e+02   4.5509255e+02
   1.5000000e+03   7.5000000e+02   0.0000000e+00   2.2789800e+02   5.1151672e+02
   1.7500000e+03   7.5000000e+02   0.0000000e+00   2.2842460e+02   5.6922435e+02
   0.0000000e+00   5.0000000e+02   0.0000000e+00   1.7172645e+02   1.7589984e+02
   2.5000000e+02   5.0000000e+02   0.0000000e+00   1.7260930e+02   2.3146595e+02
   5.0000000e+02   5.0000000e+02   0.0000000e+00   1.7315176e+02   2.8728953e+02
   7.5000000e+02   5.0000000e+02   0.0000000e+00   1.7471417e+02   3.4356508e+02
   1.0000000e+03   5.0000000e+02   0.0000000e+00   1.7565839e+02   3.9938546e+02
   1.2500000e+03   5.0000000e+02   0.0000000e+00   1.7736587e+02   4.5556542e+02
   1.5000000e+03   5.0000000e+02   0.0000000e+00   1.7894644e+02   5.1139896e+02
   1.7500000e+03   5.0000000e+02   0.0000000e+00   1.8105619e+02   5.6944913e+02
   0.0000000e+00   2.5000000e+02   0.0000000e+00   1.1908785e+02   1.7961779e+02
   2.5000000e+02   2.5000000e+02   0.0000000e+00   1.2342634e+02   2.3356993e+02
   5.0000000e+02   2.5000000e+02   0.0000000e+00   1.2455738e+02   2.8943447e+02
   7.5000000e+02   2.5000000e+02   0.0000000e+00   1.2579012e+02   3.4482633e+02
   1.0000000e+03   2.5000000e+02   0.0000000e+00   1.2647401e+02   4.0034826e+02
   1.2500000e+03   2.5000000e+02   0.0000000e+00   1.2797452e+02   4.5590041e+02
   1.5000000e+03   2.5000000e+02   0.0000000e+00   1.2881734e+02   5.1172726e+02
   1.7500000e+03   2.5000000e+02   0.0000000e+00   1.2816462e+02   5.6875031e+02
   0.0000000e+00   0.0000000e+00   0.0000000e+00   7.2143959e+01   1.8192929e+02
   2.5000000e+02   0.0000000e+00   0.0000000e+00   7.2556652e+01   2.3524961e+02
   5.0000000e+02   0.0000000e+00   0.0000000e+00   7.4105014e+01   2.9082555e+02
   7.5000000e+02   0.0000000e+00   0.0000000e+00   7.5774007e+01   3.4532332e+02
   1.0000000e+03   0.0000000e+00   0.0000000e+00   7.6610159e+01   4.0164553e+02
   1.2500000e+03   0.0000000e+00   0.0000000e+00   7.6327188e+01   4.5556192e+02
   1.5000000e+03   0.0000000e+00   0.0000000e+00   7.6913054e+01   5.1227007e+02
   1.7500000e+03   0.0000000e+00   0.0000000e+00   7.7472902e+01   5.6850820e+02
