   0.0000000e+00   2.2500000e+03   0.0000000e+00   7.3874873e+02   8.9394736e+01
   2.5000000e+02   2.2500000e+03   0.0000000e+00   7.4080820e+02   1.6384250e+02
   5.0000000e+02   2.2500000e+03   0.0000000e+00   7.4293481e+02   2.3861933e+02
   7.5000000e+02   2.2500000e+03   0.0000000e+00   7.4490149e+02   3.1354218e+02
   1.0000000e+03   2.2500000e+03   0.0000000e+00   7.4662252e+02   3.8785186e+02
   1.2500000e+03   2.2500000e+03   0.0000000e+00   7.4812500e+02   4.6316241e+02
   1.5000000e+03   2.2500000e+03   0.0000000e+00   7.4953856e+02   5.3760756e+02
   1.7500000e+03   2.2500000e+03   0.0000000e+00   7.5145530e+02   6.0950216e+02
   0.0000000e+00   2.0000000e+03   0.0000000e+00   6.6591757e+02   9.2055679e+01
   2.5000000e+02   2.0000000e+03   0.0000000e+00   6.6692495e+02   1.6624915e+02
   5.0000000e+02   2.0000000e+03   0.0000000e+00   6.6865237e+02   2.4085196e+02
   7.5000000e+02   2.0000000e+03   0.0000000e+00   6.7038168e+02   3.1542232e+02
   1.0000000e+03   2.0000000e+03   0.0000000e+00   6.7195201e+02   3.8962094e+02
   1.2500000e+03   2.0000000e+03   0.0000000e+00   6.7366243e+02   4.6436597e+02
   1.5000000e+03   2.0000000e+03   0.0000000e+00   6.7535183e+02   5.3919055e+02
   1.7500000e+03   2.0000000e+03   0.0000000e+00   6.7684214e+02   6.1058295e+02
   0.0000000e+00   1.7500000e+03   0.0000000e+00   5.9034144e+02   9.4479640e+01
   2.5000000e+02   1.7500000e+03   0.0000000e+00   5.9307600e+02   1.6861241e+02
   5.0000000e+02   1.7500000e+03   0.0000000e+00   5.9474735e+02   2.4284704e+02
   7.5000000e+02   1.7500000e+03   0.0000000e+00   5.9621346e+02   3.1727415e+02
   1.0000000e+03   1.7500000e+03   0.0000000e+00   5.9786712e+02   3.9147192e+02
   1.2500000e+03   1.7500000e+03   0.0000000e+00   5.9955804e+02   4.6565761e+02
   1.5000000e+03   1.7500000e+03   0.0000000e+00   6.0132384e+02   5.4013575e+02
   1.7500000e+03   1.7500000e+03   0.0000000e+00   6.0316794e+02   6.1132463e+02
   0.0000000e+00   1.5000000e+03   0.0000000e+00   5.1797658e+02   9.7932874e+01
   2.5000000e+02   1.5000000e+03   0.0000000e+00   5.1952830e+02   1.7079632e+02
   5.0000000e+02   1.5000000e+03   0.0000000e+00   5.2124298e+02   2.4463982e+02
   7.5000000e+02   1.5000000e+03   0.0000000e+00   5.2260557e+02   3.1901087e+02
   1.0000000e+03   1.5000000e+03   0.0000000e+00   5.2415957e+02   3.9304612e+02
   1.2500000e+03   1.5000000e+03   0.0000000e+00   5.2576795e+02   4.6739331e+02
   1.5000000e+03   1.5000000e+03   0.0000000e+00   5.2752804e+02   5.4144241e+02
   1.7500000e+03   1.5000000e+03   0.0000000e+00   5.2933381e+02   6.1269758e+02
   0.0000000e+00   1.2500000e+03   0.0000000e+00   4.4395455e+02   1.0035578e+02
   2.5000000e+02   1.2500000e+03   0.0000000e+00   4.4632217e+02   1.7278020e+02
   5.0000000e+02   1.2500000e+03   0.0000000e+00   4.4768301e+02   2.4655180e+02
   7.5000000e+02   1.2500000e+03   0.0000000e+00   4.4939741e+02   3.2052812e+02
   1.0000000e+03   1.2500000e+03   0.0000000e+00   4.5129463e+02   3.9445675e+02
   1.2500000e+03   1.2500000e+03   0.0000000e+00   4.5302162e+02   4.6835472e+02
   1.5000000e+03   1.2500000e+03   0.0000000e+00   4.5465795e+02   5.4249863e+02
   1.7500000e+03   1.2500000e+03   0.0000000e+00   4.5660528e+02   6.1340378e+02
   0.0000000e+00   1.0000000e+03   0.0000000e+00   3.7158249e+02   1.0228775e+02
   2.5000000e+02   1.0000000e+03   0.0000000e+00   3.7317019e+02   1.7486110e+02
   5.0000000e+02   1.0000000e+03   0.0000000e+00   3.7468925e+02   2.4842181e+02
   7.5000000e+02   1.0000000e+03   0.0000000e+00   3.7657335e+02   3.2239127e+02
   1.0000000e+03   1.0000000e+03   0.0000000e+00   3.7816852e+02   3.9573308e+02
   1.2500000e+03   1.0000000e+03   0.0000000e+00   3.7959090e+02   4.6972849e+02
   1.5000000e+03   1.0000000e+03   0.0000000e+00   3.8143204e+02   5.4346430e+02
   1.7500000e+03   1.0000000e+03   0.0000000e+00   3.8305242e+02   6.1462243e+02
   0.0000000e+00   7.5000000e+02   0.0000000e+00   2.9793784e+02   1.0507938e+02
   2.5000000e+02   7.5000000e+02   0.0000000e+00   3.0072105e+02   1.7664558e+02
   5.0000000e+02   7.5000000e+02   0.0000000e+00   3.0248126e+02   2.5034608e+02
   7.5000000e+02   7.5000000e+02   0.0000000e+00   3.0415269e+02   3.2376178e+02
   1.0000000e+03   7.5000000e+02   0.0000000e+00   3.0544743e+02   3.9744602e+02
   1.2500000e+03   7.5000000e+02   0.0000000e+00   3.0733957e+02   4.7108982e+02
   1.5000000e+03   7.5000000e+02   0.0000000e+00   3.0904915e+02   5.4488440e+02
   1.7500000e+03   7.5000000e+02   0.0000000e+00   3.1132570e+02   6.1527752e+02
   0.0000000e+00   5.0000000e+02   0.0000000e+00   2.2726478e+02   1.0668389e+02
   2.5000000e+02   5.0000000e+02   0.0000000e+00   2.2929011e+02   1.7931566e+02
   5.0000000e+02   5.0000000e+02   0.0000000e+00   2.3032859e+02   2.5192201e+02
   7.5000000e+02   5.0000000e+02   0.0000000e+00   2.3224274e+02   3.2564346e+02
   1.0000000e+03   5.0000000e+02   0.0000000e+00   2.3373577e+02   3.9881617e+02
   1.2500000e+03   5.0000000e+02   0.0000000e+00   2.3566659e+02   4.7192468e+02
   1.5000000e+03   5.0000000e+02   0.0000000e+00   2.3750552e+02   5.4547528e+02
   1.7500000e+03   5.0000000e+02   0.0000000e+00   2.3934060e+02   6.1577246e+02
   0.0000000e+00   2.5000000e+02   0.0000000e+00   1.5366393e+02   1.0981398e+02
   2.5000000e+02   2.5000000e+02   0.0000000e+00   1.5752606e+02   1.8086209e+02
   5.0000000e+02   2.5000000e+02   0.0000000e+00   1.5907138e+02   2.5402866e+02
   7.5000000e+02   2.5000000e+02   0.0000000e+00   1.6059550e+02   3.2728435e+02
   1.0000000e+03   2.5000000e+02   0.0000000e+00   1.6172733e+02   4.0025109e+02
   1.2500000e+03   2.5000000e+02   0.0000000e+00   1.6402092e+02   4.7343605e+02
   1.5000000e+03   2.5000000e+02   0.0000000e+00   1.6520330e+02   5.4671413e+02
   1.7500000e+03   2.5000000e+02   0.0000000e+00   1.6686107e+02   6.1734571e+02
   0.0000000e+00   0.0000000e+00   0.0000000e+00   7.6797206e+01   1.0746461e+02
   2.5000000e+02   0.0000000e+00   0.0000000e+00   8.3158502e+01   1.8140809e+02
   5.0000000e+02   0.0000000e+00   0.0000000e+00   8.3113083e+01   2.5599263e+02
   7.5000000e+02   0.0000000e+00   0.0000000e+00   8.9271592e+01   3.2893909e+02
   1.0000000e+03   0.0000000e+00   0.0000000e+00   8.8202603e+01   4.0177814e+02
   1.2500000e+03   0.0000000e+00   0.0000000e+00   8.8234955e+01   4.7323166e+02
   1.5000000e+03   0.0000000e+00   0.0000000e+00   8.9296444e+01   5.4883635e+02
   1.7500000e+03   0.0000000e+00   0.0000000e+00   9.0804095e+01   6.1703948e+02
