   0.0000000e+00   2.2500000e+03   0.0000000e+00   6.7519972e+02   1.4220391e+02
   2.5000000e+02   2.2500000e+03   0.0000000e+00   6.7731043e+02   2.0326395e+02
   5.0000000e+02   2.2500000e+03   0.0000000e+00   6.7813505e+02   2.6617328e+02
   7.5000000e+02   2.2500000e+03   0.0000000e+00   6.7913470e+02   3.2941837e+02
   1.0000000e+03   2.2500000e+03   0.0000000e+00   6.8073265e+02   3.9180168e+02
   1.2500000e+03   2.2500000e+03   0.0000000e+00   6.8386230e+02   4.5469232e+02
   1.5000000e+03   2.2500000e+03   0.0000000e+00   6.8581679e+02   5.1787960e+02
   1.7500000e+03   2.2500000e+03   0.0000000e+00   6.8638722e+02   5.7844176e+02
   0.0000000e+00   2.0000000e+03   0.0000000e+00   6.1735680e+02   1.4074146e+02
   2.5000000e+02   2.0000000e+03   0.0000000e+00   6.1799326e+02   2.0250495e+02
   5.0000000e+02   2.0000000e+03   0.0000000e+00   6.1940013e+02   2.6585563e+02
   7.5000000e+02   2.0000000e+03   0.0000000e+00   6.2103391e+02   3.2962548e+02
   1.0000000e+03   2.0000000e+03   0.0000000e+00   6.2264283e+02   3.9328321e+02
   1.2500000e+03   2.0000000e+03   0.0000000e+00   6.2363160e+02   4.5687970e+02
   1.5000000e+03   2.0000000e+03   0.0000000e+00   6.2525596e+02   5.2027708e+02
   1.7500000e+03   2.0000000e+03   0.0000000e+00   6.2722874e+02   5.8265502e+02
   0.0000000e+00   1.7500000e+03   0.0000000e+00   5.5686962e+02   1.3966553e+02
   2.5000000e+02   1.7500000e+03   0.0000000e+00   5.5824689e+02   2.0163492e+02
   5.0000000e+02   1.7500000e+03   0.0000000e+00   5.5994697e+02   2.6590124e+02
   7.5000000e+02   1.7500000e+03   0.0000000e+00   5.6164079e+02   3.2990182e+02
   1.0000000e+03   1.7500000e+03   0.0000000e+00   5.6338409e+02   3.9420336e+02
   1.2500000e+03   1.7500000e+03   0.0000000e+00   5.6463775e+02   4.5855465e+02
   1.5000000e+03   1.7500000e+03   0.0000000e+00   5.6580762e+02   5.2317331e+02
   1.7500000e+03   1.7500000e+03   0.0000000e+00   5.6713512e+02   5.8658505e+02
   0.0000000e+00   1.5000000e+03   0.0000000e+00   4.9598703e+02   1.3854871e+02
   2.5000000e+02   1.5000000e+03   0.0000000e+00   4.9760701e+02   2.0103826e+02
   5.0000000e+02   1.5000000e+03   0.0000000e+00   4.9945101e+02   2.6551350e+02
   7.5000000e+02   1.5000000e+03   0.0000000e+00   5.0132984e+02   3.3058423e+02
   1.0000000e+03   1.5000000e+03   0.0000000e+00   5.0283824e+02   3.9548330e+02
   1.2500000e+03   1.5000000e+03   0.0000000e+00   5.0393523e+02   4.6038479e+02
   1.5000000e+03   1.5000000e+03   0.0000000e+00   5.0544970e+02   5.2547498e+02
   1.7500000e+03   1.5000000e+03   0.0000000e+00   5.0631865e+02   5.8756983e+02
   0.0000000e+00   1.2500000e+03   0.0000000e+00   4.3404627e+02   1.3711714e+02
   2.5000000e+02   1.2500000e+03   0.0000000e+00   4.3563864e+02   1.9976815e+02
   5.0000000e+02   1.2500000e+03   0.0000000e+00   4.3746049e+02   2.6544920e+02
   7.5000000e+02   1.2500000e+03   0.0000000e+00   4.3924953e+02   3.3118537e+02
   1.0000000e+03   1.2500000e+03   0.0000000e+00   4.4035022e+02   3.9668201e+02
   1.2500000e+03   1.2500000e+03   0.0000000e+00   4.4159392e+02   4.6216686e+02
   1.5000000e+03   1.2500000e+03   0.0000000e+00   4.4341636e+02   5.2781086e+02
   1.7500000e+03   1.2500000e+03   0.0000000e+00   4.4459490e+02   5.9145529e+02
   0.0000000e+00   1.0000000e+03   0.0000000e+00   3.7043548e+02   1.3499923e+02
   2.5000000e+02   1.0000000e+03   0.0000000e+00   3.7256373e+02   1.9887229e+02
   5.0000000e+02   1.0000000e+03   0.0000000e+00   3.7367758e+02   2.6511059e+02
   7.5000000e+02   1.0000000e+03   0.0000000e+00   3.7514325e+02   3.3156161e+02
   1.0000000e+03   1.0000000e+03   0.0000000e+00   3.7659423e+02   3.9770100e+02
   1.2500000e+03   1.0000000e+03   0.0000000e+00   3.7810075e+02   4.6422622e+02
   1.5000000e+03   1.0000000e+03   0.0000000e+00   3.7955688e+02   5.3054319e+02
   1.7500000e+03   1.0000000e+03   0.0000000e+00   3.8138904e+02   5.9455497e+02
   0.0000000e+00   7.5000000e+02   0.0000000e+00   3.0562468e+02   1.3394125e+02
   2.5000000e+02   7.5000000e+02   0.0000000e+00   3.0785942e+02   1.9761436e+02
   5.0000000e+02   7.5000000e+02   0.0000000e+00   3.0916439e+02   2.6494258e+02
   7.5000000e+02   7.5000000e+02   0.0000000e+00   3.1044360e+02   3.3177445e+02
   1.0000000e+03   7.5000000e+02   0.0000000e+00   3.1224702e+02   3.9904921e+02
   1.2500000e+03   7.5000000e+02   0.0000000e+00   3.1350522e+02   4.6586743e+02
   1.5000000e+03   7.5000000e+02   0.0000000e+00   3.1534054e+02   5.3332173e+02
   1.7500000e+03   7.5000000e+02   0.0000000e+00   3.1679154e+02   5.9732973e+02
   0.0000000e+00   5.0000000e+02   0.0000000e+00   2.3952276e+02   1.3141330e+02
   2.5000000e+02   5.0000000e+02   0.0000000e+00   2.4138094e+02   1.9686974e+02
   5.0000000e+02   5.0000000e+02   0.0000000e+00   2.4309178e+02   2.6451108e+02
   7.5000000e+02   5.0000000e+02   0.0000000e+00   2.4442101e+02   3.3241260e+02
   1.0000000e+03   5.0000000e+02   0.0000000e+00   2.4608113e+02   4.0000166e+02
   1.2500000e+03   5.0000000e+02   0.0000000e+00   2.4743748e+02   4.6785223e+02
   1.5000000e+03   5.0000000e+02   0.0000000e+00   2.4920971e+02   5.3554082e+02
   1.7500000e+03   5.0000000e+02   0.0000000e+00   2.5067321e+02   6.0163098e+02
   0.0000000e+00   2.5000000e+02   0.0000000e+00   1.7137911e+02   1.3053502e+02
   2.5000000e+02   2.5000000e+02   0.0000000e+00   1.7374213e+02   1.9573398e+02
   5.0000000e+02   2.5000000e+02   0.0000000e+00   1.7537043e+02   2.6448954e+02
   7.5000000e+02   2.5000000e+02   0.0000000e+00   1.7661436e+02   3.3291462e+02
   1.0000000e+03   2.5000000e+02   0.0000000e+00   1.7802368e+02   4.0153143e+02
   1.2500000e+03   2.5000000e+02   0.0000000e+00   1.7972029e+02   4.6979966e+02
   1.5000000e+03   2.5000000e+02   0.0000000e+00   1.8165158e+02   5.3870267e+02
   1.7500000e+03   2.5000000e+02   0.0000000e+00   1.8300045e+02   6.0579424e+02
   0.0000000e+00   0.0000000e+00   0.0000000e+00   1.0178337e+02   1.2728241e+02
   2.5000000e+02   0.0000000e+00   0.0000000e+00   1.0485708e+02   1.9427871e+02
   5.0000000e+02   0.0000000e+00   0.0000000e+00   1.0484897e+02   2.6348642e+02
   7.5000000e+02   0.0000000e+00   0.0000000e+00   1.0742321e+02   3.3360350e+02
   1.0000000e+03   0.0000000e+00   0.0000000e+00   1.0840950e+02   4.0222568e+02
   1.2500000e+03   0.0000000e+00   0.0000000e+00   1.1016340e+02   4.7178692e+02
   1.5000000e+03   0.0000000e+00   0.0000000e+00   1.1266838e+02   5.4139930e+02
   1.7500000e+03   0.0000000e+00   0.0000000e+00   1.1423796e+02   6.0858704e+02
